/home/ilee141/asus_video/wrench/tatami/window_light/angle1/image_0001.npy 251.79032258064518,246.8451612903226,416.258064516129,339.458064516129,270.95161290322585,229.28064516129035,408.2741935483872,347.44193548387096,x 
/home/ilee141/asus_video/wrench/tatami/window_light/angle1/image_0002.npy 307.6774193548387,366.60322580645163,429.0322580645162,240.458064516129,400.29032258064524,230.8774193548387,315.66129032258067,372.99032258064517,x 
/home/ilee141/asus_video/wrench/tatami/window_light/angle1/image_0003.npy 304.48387096774195,293.1516129032258,510.4677419354839,339.458064516129,307.6774193548387,281.9741935483871,502.48387096774195,366.60322580645163,x 
/home/ilee141/asus_video/wrench/tatami/window_light/angle1/image_0004.npy 360.37096774193554,270.7967741935484,381.12903225806457,471.99032258064517,371.5483870967742,270.7967741935484,338.0161290322581,471.99032258064517,x 
/home/ilee141/asus_video/wrench/tatami/window_light/angle1/image_0005.npy 333.2258064516129,275.5870967741935,280.53225806451616,473.5870967741935,168.75806451612902,360.21612903225804,376.3387096774194,299.5387096774194,x 
/home/ilee141/asus_video/wrench/tatami/window_light/angle1/image_0006.npy 215.06451612903226,280.3774193548387,413.0645161290323,336.26451612903224,293.30645161290323,221.2967741935484,390.7096774193549,361.81290322580645,x 
/home/ilee141/asus_video/wrench/tatami/window_light/angle1/image_0007.npy 338.0161290322581,368.2,508.8709677419355,270.7967741935484,401.88709677419354,226.08709677419353,381.12903225806457,388.958064516129,x 
/home/ilee141/asus_video/wrench/tatami/window_light/angle1/image_0008.npy 320.45161290322585,328.2806451612903,551.983870967742,384.16774193548383,353.98387096774195,297.94193548387096,433.82258064516134,475.18387096774194,x 
/home/ilee141/asus_video/wrench/tatami/window_light/angle1/image_0009.npy 338.0161290322581,285.1677419354839,267.7580645161291,174.99032258064517,250.19354838709683,189.36129032258066,400.29032258064524,238.86129032258066,x 
/home/ilee141/asus_video/wrench/tatami/window_light/angle1/image_0010.npy 122.45161290322582,270.7967741935484,278.93548387096774,198.94193548387096,259.77419354838713,187.76451612903224,183.1290322580645,317.10322580645163,x 
/home/ilee141/asus_video/wrench/tatami/window_light/angle1/image_0011.npy 376.3387096774194,253.23225806451615,513.6612903225807,179.78064516129035,457.7741935483872,154.23225806451615,398.6935483870968,261.2161290322581,x 
/home/ilee141/asus_video/wrench/tatami/window_light/angle1/image_0012.npy 293.30645161290323,270.7967741935484,473.741935483871,230.8774193548387,457.7741935483872,213.31290322580645,298.0967741935484,280.3774193548387,x 
/home/ilee141/asus_video/wrench/tatami/window_light/angle1/image_0013.npy 299.6935483870968,218.10322580645163,167.16129032258067,168.60322580645163,151.19354838709677,187.76451612903224,298.0967741935484,202.13548387096773,x 
/home/ilee141/asus_video/wrench/tatami/window_light/angle1/image_0014.npy 320.45161290322585,208.52258064516127,366.7580645161291,114.31290322580645,341.2096774193549,114.31290322580645,333.2258064516129,210.11935483870968,x 
/home/ilee141/asus_video/wrench/tatami/window_light/angle1/image_0015.npy 226.24193548387098,312.31290322580645,392.3064516129033,230.8774193548387,382.7258064516129,222.89354838709676,248.5967741935484,336.26451612903224,x 
/home/ilee141/asus_video/wrench/tatami/window_light/angle1/image_0017.npy 371.5483870967742,323.49032258064517,310.8709677419355,195.7483870967742,403.48387096774195,273.99032258064517,203.8870967741936,304.3290322580645,x 
/home/ilee141/asus_video/wrench/tatami/window_light/angle1/image_0019.npy 349.1935483870968,363.4096774193548,377.9354838709678,213.31290322580645,363.5645161290323,213.31290322580645,387.51612903225805,365.0064516129032,x 
/home/ilee141/asus_video/wrench/tatami/window_light/angle1/image_0021.npy 322.0483870967742,358.6193548387097,392.3064516129033,211.7161290322581,339.61290322580646,222.89354838709676,512.0645161290323,309.1193548387097,x 
/home/ilee141/asus_video/wrench/tatami/window_light/angle1/image_0023.npy 309.27419354838713,277.18387096774194,508.8709677419355,283.5709677419355,496.0967741935484,258.02258064516127,310.8709677419355,289.958064516129,x 
/home/ilee141/asus_video/wrench/tatami/window_light/angle1/image_0025.npy 326.8387096774194,294.7483870967742,460.9677419354839,202.13548387096773,322.0483870967742,250.03870967741938,504.08064516129036,336.26451612903224,x 
/home/ilee141/asus_video/wrench/tatami/window_light/angle1/image_0026.npy 341.2096774193549,309.1193548387097,350.7903225806452,176.58709677419358,291.7096774193549,285.1677419354839,468.95161290322585,234.07096774193548,x 
/home/ilee141/asus_video/wrench/tatami/window_light/angle1/image_0027.npy 336.4193548387097,310.71612903225804,352.3870967741936,179.78064516129035,290.11290322580646,285.1677419354839,470.54838709677426,234.07096774193548,x 
/home/ilee141/asus_video/wrench/tatami/window_light/angle1/video_0016_0000.npy 269.35483870967744,331.4741935483871,397.0967741935484,240.458064516129,405.08064516129036,253.23225806451615,256.58064516129036,291.5548387096774,x 
/home/ilee141/asus_video/wrench/tatami/window_light/angle1/video_0016_0001.npy 405.08064516129036,254.8290322580645,254.98387096774195,283.5709677419355,398.6935483870968,240.458064516129,277.3387096774194,329.8774193548387,x 
/home/ilee141/asus_video/wrench/tatami/window_light/angle1/video_0016_0002.npy 405.08064516129036,254.8290322580645,259.77419354838713,277.18387096774194,395.5,242.05483870967743,278.93548387096774,329.8774193548387,x 
/home/ilee141/asus_video/wrench/tatami/window_light/angle1/video_0016_0003.npy 414.6612903225807,256.4258064516129,261.3709677419355,270.7967741935484,282.12903225806457,329.8774193548387,400.29032258064524,242.05483870967743,x 
/home/ilee141/asus_video/wrench/tatami/window_light/angle1/video_0016_0004.npy 270.95161290322585,329.8774193548387,405.08064516129036,240.458064516129,414.6612903225807,259.6193548387097,243.80645161290323,270.7967741935484,x 
/home/ilee141/asus_video/wrench/tatami/window_light/angle1/video_0016_0005.npy 416.258064516129,261.2161290322581,243.80645161290323,269.2,272.5483870967742,333.0709677419355,403.48387096774195,243.65161290322578,x 
/home/ilee141/asus_video/wrench/tatami/window_light/angle1/video_0016_0006.npy 406.6774193548388,245.2483870967742,278.93548387096774,329.8774193548387,250.19354838709683,261.2161290322581,419.45161290322585,264.40967741935486,x 
/home/ilee141/asus_video/wrench/tatami/window_light/angle1/video_0016_0007.npy 275.741935483871,328.2806451612903,408.2741935483872,245.2483870967742,250.19354838709683,256.4258064516129,417.85483870967744,267.60322580645163,x 
/home/ilee141/asus_video/wrench/tatami/window_light/angle1/video_0016_0008.npy 275.741935483871,326.68387096774194,405.08064516129036,245.2483870967742,419.45161290322585,267.60322580645163,251.79032258064518,256.4258064516129,x 
/home/ilee141/asus_video/wrench/tatami/window_light/angle1/video_0018_0000.npy 216.66129032258067,302.73225806451615,416.258064516129,275.5870967741935,322.0483870967742,205.3290322580645,389.11290322580646,321.89354838709676,x 
/home/ilee141/asus_video/wrench/tatami/window_light/angle1/video_0018_0001.npy 309.27419354838713,203.73225806451615,403.48387096774195,320.2967741935484,221.45161290322585,299.5387096774194,421.04838709677426,272.39354838709676,x 
/home/ilee141/asus_video/wrench/tatami/window_light/angle1/video_0018_0002.npy 304.48387096774195,203.73225806451615,413.0645161290323,315.5064516129032,229.43548387096774,297.94193548387096,432.2258064516129,275.5870967741935,x 
/home/ilee141/asus_video/wrench/tatami/window_light/angle1/video_0018_0004.npy 243.80645161290323,293.1516129032258,446.5967741935484,275.5870967741935,294.90322580645164,216.50645161290322,440.2096774193549,304.3290322580645,x 
/home/ilee141/asus_video/wrench/tatami/window_light/angle1/video_0018_0006.npy 266.16129032258067,278.78064516129035,464.1612903225807,270.7967741935484,302.8870967741936,230.8774193548387,457.7741935483872,288.36129032258066,x 
/home/ilee141/asus_video/wrench/tatami/window_light/angle1/video_0018_0008.npy 294.82467532467535,233.78571428571422,466.2532467532468,275.3441558441558,276.6428571428571,268.8506493506493,464.9545454545455,263.6558441558441,x 
/home/ilee141/asus_video/wrench/tatami/window_light/angle1/video_0020_0000.npy 342.87662337662334,350.66883116883116,380.538961038961,214.30519480519473,364.9545454545455,215.60389610389603,400.01948051948057,344.17532467532465,x 
/home/ilee141/asus_video/wrench/tatami/window_light/angle1/video_0020_0001.npy 324.6948051948052,342.87662337662334,384.43506493506493,211.70779220779212,363.6558441558442,209.11038961038952,406.51298701298697,344.17532467532465,x 
/home/ilee141/asus_video/wrench/tatami/window_light/angle1/video_0020_0002.npy 313.0064935064935,336.3831168831168,390.92857142857144,213.00649350649343,361.0584415584416,211.70779220779212,419.5,342.87662337662334,x 
/home/ilee141/asus_video/wrench/tatami/window_light/angle1/video_0020_0003.npy 292.22727272727275,338.98051948051943,394.82467532467535,218.20129870129864,354.56493506493507,218.20129870129864,442.87662337662334,354.564935064935,x 
/home/ilee141/asus_video/wrench/tatami/window_light/angle1/video_0020_0004.npy 279.2402597402597,335.0844155844155,400.01948051948057,220.79870129870125,350.66883116883116,220.79870129870125,459.7597402597403,350.66883116883116,x 
/home/ilee141/asus_video/wrench/tatami/window_light/angle1/video_0020_0005.npy 271.4480519480519,332.4870129870129,402.6168831168832,224.6948051948051,349.37012987012986,223.39610389610385,468.8506493506494,353.2662337662337,x 
/home/ilee141/asus_video/wrench/tatami/window_light/angle1/video_0020_0006.npy 266.2532467532468,335.0844155844155,402.6168831168832,228.590909090909,345.47402597402595,227.2922077922077,477.9415584415584,348.07142857142856,x 
/home/ilee141/asus_video/wrench/tatami/window_light/angle1/video_0020_0007.npy 266.2532467532468,332.4870129870129,405.2142857142858,231.18831168831161,341.57792207792204,229.8896103896103,489.62987012987014,344.17532467532465,x 
/home/ilee141/asus_video/wrench/tatami/window_light/angle1/video_0020_0008.npy 261.0584415584416,332.4870129870129,406.51298701298697,227.2922077922077,338.98051948051955,229.8896103896103,497.42207792207796,342.87662337662334,x 
/home/ilee141/asus_video/wrench/tatami/window_light/angle1/video_0022_0000.npy 327.2922077922078,335.0844155844155,390.92857142857144,211.70779220779212,340.27922077922074,223.39610389610385,503.9155844155845,298.72077922077915,x 
/home/ilee141/asus_video/wrench/tatami/window_light/angle1/video_0022_0001.npy 328.5909090909091,333.7857142857142,387.03246753246754,209.11038961038952,338.98051948051955,218.20129870129864,494.82467532467535,298.72077922077915,x 
/home/ilee141/asus_video/wrench/tatami/window_light/angle1/video_0022_0002.npy 381.8376623376623,209.11038961038952,331.1883116883117,331.1883116883116,336.38311688311694,216.90259740259734,490.92857142857144,303.91558441558436,x 
/home/ilee141/asus_video/wrench/tatami/window_light/angle1/video_0022_0003.npy 379.2402597402597,207.81168831168821,336.38311688311694,333.7857142857142,337.68181818181824,215.60389610389603,484.43506493506493,303.91558441558436,x 
/home/ilee141/asus_video/wrench/tatami/window_light/angle1/video_0022_0004.npy 342.87662337662334,335.0844155844155,374.0454545454546,209.11038961038952,338.98051948051955,210.40909090909082,475.3441558441558,311.7077922077922,x 
/home/ilee141/asus_video/wrench/tatami/window_light/angle1/video_0022_0005.npy 349.37012987012986,329.8896103896103,370.1493506493507,207.81168831168821,340.27922077922074,206.51298701298697,467.5519480519481,319.49999999999994,x 
/home/ilee141/asus_video/wrench/tatami/window_light/angle1/video_0022_0006.npy 363.6558441558442,202.61688311688306,371.448051948052,328.590909090909,344.17532467532465,209.11038961038952,462.3571428571429,322.09740259740255,x 
/home/ilee141/asus_video/wrench/tatami/window_light/angle1/video_0022_0007.npy 358.461038961039,205.21428571428567,384.43506493506493,327.2922077922077,337.68181818181824,206.51298701298697,449.37012987012986,319.49999999999994,x 
/home/ilee141/asus_video/wrench/tatami/window_light/angle1/video_0022_0008.npy 340.27922077922074,210.40909090909082,444.17532467532465,316.90259740259734,355.8636363636364,206.51298701298697,393.52597402597405,327.2922077922077,x 
/home/ilee141/asus_video/wrench/tatami/window_light/angle1/video_0024_0000.npy 316.9025974025974,289.6298701298701,487.03246753246754,254.564935064935,313.0064935064935,276.6428571428571,490.92857142857144,288.3311688311688,x 
/home/ilee141/asus_video/wrench/tatami/window_light/angle1/video_0024_0001.npy 316.9025974025974,287.0324675324675,492.22727272727275,258.4610389610389,315.6038961038961,274.0454545454545,497.42207792207796,289.6298701298701,x 
/home/ilee141/asus_video/wrench/tatami/window_light/angle1/video_0024_0002.npy 309.1103896103896,290.9285714285714,493.52597402597405,251.9675324675324,307.8116883116883,276.6428571428571,503.9155844155845,290.9285714285714,x 
/home/ilee141/asus_video/wrench/tatami/window_light/angle1/video_0024_0003.npy 311.7077922077922,293.52597402597394,489.62987012987014,245.4740259740259,309.1103896103896,274.0454545454545,509.1103896103896,290.9285714285714,x 
/home/ilee141/asus_video/wrench/tatami/window_light/angle1/video_0024_0004.npy 314.3051948051948,294.82467532467524,485.73376623376623,240.27922077922074,309.1103896103896,271.4480519480519,503.9155844155845,301.31818181818176,x 
/home/ilee141/asus_video/wrench/tatami/window_light/angle1/video_0024_0005.npy 313.0064935064935,293.52597402597394,477.9415584415584,229.8896103896103,309.1103896103896,270.1493506493506,506.51298701298697,305.21428571428567,x 
/home/ilee141/asus_video/wrench/tatami/window_light/angle1/video_0024_0006.npy 320.7987012987013,294.82467532467524,474.0454545454545,222.09740259740255,315.6038961038961,261.0584415584415,497.42207792207796,318.20129870129864,x 
/home/ilee141/asus_video/wrench/tatami/window_light/angle1/video_0024_0007.npy 320.7987012987013,250.6688311688311,497.42207792207796,323.39610389610385,325.9935064935065,293.52597402597394,464.9545454545455,206.51298701298697,x 
/home/ilee141/asus_video/wrench/tatami/window_light/angle1/video_0024_0008.npy 323.3961038961039,249.3701298701298,488.33116883116884,328.590909090909,328.5909090909091,292.22727272727263,458.461038961039,201.31818181818176,x 
/home/ilee141/asus_video/wrench/tatami/window_light/angle1/video_0028_0000.npy 294.82467532467535,281.83766233766227,455.8636363636364,244.1753246753246,350.66883116883116,179.24025974025966,341.57792207792204,305.21428571428567,x 
/home/ilee141/asus_video/wrench/tatami/window_light/angle1/video_0028_0001.npy 292.22727272727275,284.4350649350649,458.461038961039,236.38311688311683,358.461038961039,181.83766233766227,337.68181818181824,309.1103896103896,x 
/home/ilee141/asus_video/wrench/tatami/window_light/angle1/video_0028_0002.npy 296.12337662337666,287.0324675324675,459.7597402597403,233.78571428571422,366.2532467532468,184.43506493506487,333.78571428571433,306.51298701298697,x 
/home/ilee141/asus_video/wrench/tatami/window_light/angle1/video_0028_0003.npy 294.82467532467535,288.3311688311688,457.1623376623377,238.98051948051943,377.9415584415584,189.62987012987003,325.9935064935065,310.4090909090909,x 
/home/ilee141/asus_video/wrench/tatami/window_light/angle1/video_0028_0004.npy 294.82467532467535,290.9285714285714,451.96753246753246,233.78571428571422,388.33116883116884,190.92857142857133,319.5,307.8116883116883,x 
/home/ilee141/asus_video/wrench/tatami/window_light/angle1/video_0028_0005.npy 300.01948051948057,294.82467532467524,450.66883116883116,236.38311688311683,402.6168831168832,198.72077922077915,316.9025974025974,309.1103896103896,x 
/home/ilee141/asus_video/wrench/tatami/window_light/angle1/video_0028_0006.npy 296.12337662337666,298.72077922077915,446.77272727272725,237.68181818181813,407.8116883116883,202.61688311688306,314.3051948051948,309.1103896103896,x 
/home/ilee141/asus_video/wrench/tatami/window_light/angle1/video_0028_0007.npy 301.31818181818187,294.82467532467524,444.17532467532465,238.98051948051943,407.8116883116883,211.70779220779212,313.0064935064935,303.91558441558436,x 
/home/ilee141/asus_video/wrench/tatami/window_light/angle1/video_0028_0008.npy 302.6168831168832,294.82467532467524,449.37012987012986,235.08441558441552,418.2012987012987,209.11038961038952,313.0064935064935,305.21428571428567,x 
/home/ilee141/asus_video/scissors/tatami/window_light/angle1/image_0000.npy 237.68181818181816,276.6428571428571,472.7467532467532,244.1753246753246,259.7597402597403,233.78571428571422,470.1493506493507,250.6688311688311,375.3441558441558,249.3701298701298,x 
/home/ilee141/asus_video/scissors/tatami/window_light/angle1/image_0003.npy 327.2922077922078,192.22727272727263,397.42207792207796,363.6558441558441,210.4090909090909,329.8896103896103,440.27922077922074,250.6688311688311,342.87662337662334,275.3441558441558,x 
/home/ilee141/asus_video/scissors/tatami/window_light/angle1/image_0004.npy 314.3051948051948,323.39610389610385,368.8506493506494,166.25324675324669,261.0584415584416,235.08441558441552,497.42207792207796,219.49999999999994,364.9545454545455,228.590909090909,x 
/home/ilee141/asus_video/scissors/tatami/window_light/angle1/image_0005.npy 270.1493506493506,215.60389610389603,387.03246753246754,376.6428571428571,236.38311688311686,255.86363636363632,475.3441558441558,288.3311688311688,337.68181818181824,268.8506493506493,x 
/home/ilee141/asus_video/scissors/tatami/window_light/angle1/image_0006.npy 275.3441558441558,227.2922077922077,490.92857142857144,315.6038961038961,277.9415584415584,224.6948051948051,445.47402597402595,355.8636363636363,353.26623376623377,259.75974025974017,x 
/home/ilee141/asus_video/scissors/tatami/window_light/angle1/image_0007.npy 409.1103896103896,351.9675324675324,313.0064935064935,189.62987012987003,224.69480519480518,231.18831168831161,449.37012987012986,311.7077922077922,346.77272727272725,268.8506493506493,x 
/home/ilee141/asus_video/scissors/tatami/window_light/angle1/image_0008.npy 402.6168831168832,358.4610389610389,276.6428571428571,193.52597402597394,388.33116883116884,361.0584415584415,333.78571428571433,192.22727272727263,340.27922077922074,270.1493506493506,x 
/home/ilee141/asus_video/scissors/tatami/window_light/angle1/image_0009.npy 245.47402597402598,358.4610389610389,359.7597402597403,194.82467532467524,211.7077922077922,319.49999999999994,441.57792207792204,238.98051948051943,315.6038961038961,272.7467532467532,x 
/home/ilee141/asus_video/scissors/tatami/window_light/angle1/image_0010.npy 213.0064935064935,324.69480519480516,427.2922077922078,245.4740259740259,194.82467532467533,248.0714285714285,435.08441558441564,271.4480519480519,327.2922077922078,262.3571428571428,x 
/home/ilee141/asus_video/scissors/tatami/window_light/angle1/image_0011.npy 329.8896103896104,392.2272727272727,361.0584415584416,203.91558441558436,319.5,389.6298701298701,419.5,205.21428571428567,364.9545454545455,293.52597402597394,x 
/home/ilee141/asus_video/scissors/tatami/window_light/angle1/video_0001_0000.npy 190.92857142857142,277.94155844155836,413.0064935064935,227.2922077922077,213.0064935064935,236.38311688311683,413.0064935064935,233.78571428571422,310.4090909090909,241.57792207792204,x 
/home/ilee141/asus_video/scissors/tatami/window_light/angle1/video_0001_0001.npy 188.3311688311688,281.83766233766227,411.7077922077922,227.2922077922077,202.6168831168831,237.68181818181813,413.0064935064935,236.38311688311683,319.5,242.8766233766233,x 
/home/ilee141/asus_video/scissors/tatami/window_light/angle1/video_0001_0002.npy 188.3311688311688,285.7337662337662,410.4090909090909,225.9935064935064,213.0064935064935,229.8896103896103,413.0064935064935,236.38311688311683,318.2012987012987,242.8766233766233,x 
/home/ilee141/asus_video/scissors/tatami/window_light/angle1/video_0001_0003.npy 198.72077922077924,279.24025974025966,411.7077922077922,229.8896103896103,423.3961038961039,248.0714285714285,213.0064935064935,218.20129870129864,316.9025974025974,244.1753246753246,x 
/home/ilee141/asus_video/scissors/tatami/window_light/angle1/video_0001_0004.npy 420.7987012987013,255.86363636363632,220.79870129870127,201.31818181818176,415.6038961038961,231.18831168831161,188.3311688311688,280.53896103896096,314.3051948051948,244.1753246753246,x 
/home/ilee141/asus_video/scissors/tatami/window_light/angle1/video_0001_0005.npy 188.3311688311688,280.53896103896096,414.3051948051948,233.78571428571422,235.08441558441555,203.91558441558436,419.5,271.4480519480519,315.6038961038961,249.3701298701298,x 
/home/ilee141/asus_video/scissors/tatami/window_light/angle1/video_0001_0006.npy 249.3701298701299,193.52597402597394,407.8116883116883,292.22727272727263,409.1103896103896,236.38311688311683,194.82467532467533,284.4350649350649,311.7077922077922,245.4740259740259,x 
/home/ilee141/asus_video/scissors/tatami/window_light/angle1/video_0001_0007.npy 406.51298701298697,237.68181818181813,189.6298701298701,285.7337662337662,409.1103896103896,294.82467532467524,257.1623376623377,189.62987012987003,318.2012987012987,250.6688311688311,x 
/home/ilee141/asus_video/scissors/tatami/window_light/angle1/video_0001_0008.npy 406.51298701298697,296.12337662337654,255.86363636363635,190.92857142857133,409.1103896103896,233.78571428571422,189.6298701298701,287.0324675324675,319.5,245.4740259740259,x 
/home/ilee141/asus_video/scissors/tatami/window_light/angle1/video_0002_0000.npy 407.8116883116883,298.72077922077915,281.8376623376623,174.04545454545445,416.9025974025974,227.2922077922077,192.22727272727272,280.53896103896096,327.2922077922078,240.27922077922074,x 
/home/ilee141/asus_video/scissors/tatami/window_light/angle1/video_0002_0001.npy 406.51298701298697,294.82467532467524,275.3441558441558,176.64285714285705,418.2012987012987,224.6948051948051,194.82467532467533,283.13636363636357,329.8896103896104,240.27922077922074,x 
/home/ilee141/asus_video/scissors/tatami/window_light/angle1/video_0002_0002.npy 427.2922077922078,227.2922077922077,198.72077922077924,281.83766233766227,411.7077922077922,296.12337662337654,276.6428571428571,180.53896103896096,337.68181818181824,244.1753246753246,x 
/home/ilee141/asus_video/scissors/tatami/window_light/angle1/video_0002_0003.npy 201.31818181818178,277.94155844155836,431.1883116883117,227.2922077922077,270.1493506493506,187.03246753246748,424.6948051948052,287.0324675324675,335.08441558441564,242.8766233766233,x 
/home/ilee141/asus_video/scissors/tatami/window_light/angle1/video_0002_0004.npy 203.9155844155844,280.53896103896096,436.3831168831168,224.6948051948051,264.9545454545455,184.43506493506487,436.3831168831168,277.94155844155836,337.68181818181824,240.27922077922074,x 
/home/ilee141/asus_video/scissors/tatami/window_light/angle1/video_0002_0005.npy 444.17532467532465,266.2532467532467,253.26623376623374,196.12337662337654,437.68181818181813,223.39610389610385,206.512987012987,279.24025974025966,336.38311688311694,240.27922077922074,x 
/home/ilee141/asus_video/scissors/tatami/window_light/angle1/video_0002_0006.npy 438.98051948051943,222.09740259740255,228.5909090909091,276.6428571428571,449.37012987012986,248.0714285714285,241.57792207792207,202.61688311688306,346.77272727272725,237.68181818181813,x 
/home/ilee141/asus_video/scissors/tatami/window_light/angle1/video_0002_0007.npy 446.77272727272725,228.590909090909,244.17532467532467,218.20129870129864,442.87662337662334,213.00649350649343,227.2922077922078,274.0454545454545,345.47402597402595,233.78571428571422,x 
/home/ilee141/asus_video/scissors/tatami/window_light/angle1/video_0002_0008.npy 442.87662337662334,213.00649350649343,235.08441558441555,227.2922077922077,436.3831168831168,205.21428571428567,228.5909090909091,283.13636363636357,345.47402597402595,232.48701298701292,x 
/home/ilee141/asus_video/scissors/tatami/artificial_light/angle1/image_0000.npy 98.7207792207792,325.9935064935064,376.6428571428571,285.7337662337662,375.3441558441558,280.53896103896096,133.78571428571428,377.9415584415584,266.2532467532468,303.91558441558436,x 
/home/ilee141/asus_video/scissors/tatami/artificial_light/angle1/image_0001.npy 342.87662337662334,248.0714285714285,542.8766233766233,422.09740259740255,349.37012987012986,249.3701298701298,513.0064935064935,474.0454545454545,414.3051948051948,327.2922077922077,x 
/home/ilee141/asus_video/scissors/tatami/artificial_light/angle1/image_0002.npy 280.538961038961,219.49999999999994,497.42207792207796,161.05844155844147,281.8376623376623,222.09740259740255,457.1623376623377,142.8766233766233,374.0454545454546,189.62987012987003,x 
/home/ilee141/asus_video/scissors/tatami/artificial_light/angle1/image_0003.npy 281.8376623376623,113.00649350649343,344.17532467532465,259.75974025974017,322.0974025974026,100.01948051948045,333.78571428571433,263.6558441558441,325.9935064935065,181.83766233766227,x 
/home/ilee141/asus_video/scissors/tatami/artificial_light/angle1/image_0004.npy 145.47402597402595,205.21428571428567,358.461038961039,176.64285714285705,136.38311688311686,164.95454545454538,357.1623376623377,180.53896103896096,264.9545454545455,176.64285714285705,x 
/home/ilee141/asus_video/scissors/tatami/artificial_light/angle1/image_0005.npy 253.26623376623374,207.81168831168821,402.6168831168832,101.31818181818176,379.2402597402597,90.92857142857133,341.57792207792204,228.590909090909,353.26623376623377,135.08441558441552,x 
/home/ilee141/asus_video/scissors/tatami/artificial_light/angle1/image_0006.npy 458.461038961039,184.43506493506487,467.5519480519481,402.61688311688306,355.8636363636364,245.4740259740259,602.6168831168832,267.551948051948,464.9545454545455,263.6558441558441,x 
/home/ilee141/asus_video/scissors/tatami/artificial_light/angle1/image_0007.npy 42.87662337662334,214.30519480519473,263.6558441558442,209.11038961038952,145.47402597402595,155.86363636363626,102.61688311688309,353.2662337662337,133.78571428571428,222.09740259740255,x 
/home/ilee141/asus_video/scissors/tatami/artificial_light/angle1/image_0008.npy 180.53896103896105,181.83766233766227,396.12337662337666,179.24025974025966,231.1883116883117,100.01948051948045,359.7597402597403,227.2922077922077,301.31818181818187,166.25324675324669,x 
/home/ilee141/asus_video/scissors/tatami/artificial_light/angle1/image_0009.npy 107.8116883116883,377.9415584415584,384.43506493506493,359.7597402597402,196.12337662337663,233.78571428571422,336.38311688311694,451.96753246753246,264.9545454545455,344.17532467532465,x 
/home/ilee141/asus_video/scissors/tatami/artificial_light/angle1/image_0011.npy 394.82467532467535,187.03246753246748,297.42207792207796,372.7467532467532,389.62987012987014,181.83766233766227,387.03246753246754,374.0454545454545,364.9545454545455,249.3701298701298,x 
/home/ilee141/asus_video/scissors/tatami/artificial_light/angle1/image_0013.npy 306.51298701298697,254.564935064935,537.6818181818182,223.39610389610385,331.1883116883117,203.91558441558436,551.9675324675325,341.57792207792204,393.5891320636831,242.82433123787473,x 
/home/ilee141/asus_video/scissors/tatami/artificial_light/angle1/image_0015.npy 281.8376623376623,200.01948051948045,449.37012987012986,345.47402597402595,316.9025974025974,170.1493506493506,438.98051948051943,349.37012987012986,375.3441558441558,258.4610389610389,x 
/home/ilee141/asus_video/scissors/tatami/artificial_light/angle1/image_0017.npy 350.66883116883116,296.12337662337654,602.6168831168832,257.1623376623376,453.26623376623377,185.73376623376618,420.7987012987013,368.8506493506493,462.3571428571429,270.1493506493506,x 
/home/ilee141/asus_video/scissors/tatami/artificial_light/angle1/image_0019.npy 145.47402597402595,274.0454545454545,390.92857142857144,275.3441558441558,403.9155844155845,329.8896103896103,148.07142857142856,272.7467532467532,253.26623376623374,283.13636363636357,x 
/home/ilee141/asus_video/scissors/tatami/artificial_light/angle1/image_0021.npy 105.2142857142857,189.62987012987003,333.78571428571433,207.81168831168821,206.512987012987,127.2922077922077,298.72077922077926,250.6688311688311,237.68181818181816,193.52597402597394,x 
/home/ilee141/asus_video/scissors/tatami/artificial_light/angle1/image_0023.npy 179.24025974025975,368.8506493506493,342.87662337662334,201.31818181818176,346.77272727272725,207.81168831168821,157.16233766233765,318.20129870129864,279.2402597402597,257.1623376623376,x 
/home/ilee141/asus_video/scissors/tatami/artificial_light/angle1/video_0010_0000.npy 107.8116883116883,380.538961038961,387.03246753246754,358.4610389610389,336.38311688311694,454.564935064935,201.31818181818178,228.590909090909,258.461038961039,342.87662337662334,x 
/home/ilee141/asus_video/scissors/tatami/artificial_light/angle1/video_0010_0001.npy 107.8116883116883,370.1493506493506,389.62987012987014,363.6558441558441,196.12337662337663,231.18831168831161,336.38311688311694,450.66883116883116,258.461038961039,346.77272727272725,x 
/home/ilee141/asus_video/scissors/tatami/artificial_light/angle1/video_0010_0002.npy 105.2142857142857,372.7467532467532,387.03246753246754,368.8506493506493,194.82467532467533,233.78571428571422,345.47402597402595,449.37012987012986,270.1493506493506,346.77272727272725,x 
/home/ilee141/asus_video/scissors/tatami/artificial_light/angle1/video_0010_0003.npy 107.8116883116883,367.551948051948,393.52597402597405,375.3441558441558,354.56493506493507,445.47402597402595,185.7337662337662,236.38311688311683,264.9545454545455,345.47402597402595,x 
/home/ilee141/asus_video/scissors/tatami/artificial_light/angle1/video_0010_0004.npy 358.461038961039,441.57792207792204,188.3311688311688,241.57792207792204,115.60389610389609,351.9675324675324,396.12337662337666,388.3311688311688,264.9545454545455,341.57792207792204,x 
/home/ilee141/asus_video/scissors/tatami/artificial_light/angle1/video_0010_0005.npy 110.40909090909088,341.57792207792204,387.03246753246754,406.51298701298697,181.83766233766235,248.0714285714285,359.7597402597403,444.17532467532465,267.5519480519481,353.2662337662337,x 
/home/ilee141/asus_video/scissors/tatami/artificial_light/angle1/video_0010_0006.npy 119.49999999999997,332.4870129870129,372.7467532467533,423.39610389610385,361.0584415584416,445.47402597402595,174.04545454545453,254.564935064935,259.7597402597403,354.564935064935,x 
/home/ilee141/asus_video/scissors/tatami/artificial_light/angle1/video_0010_0007.npy 124.69480519480518,318.20129870129864,353.26623376623377,457.1623376623376,174.04545454545453,263.6558441558441,341.57792207792204,463.65584415584414,255.86363636363635,366.2532467532467,x 
/home/ilee141/asus_video/scissors/tatami/artificial_light/angle1/video_0010_0008.npy 128.59090909090907,319.49999999999994,361.0584415584416,448.07142857142856,176.64285714285714,259.75974025974017,355.8636363636364,453.26623376623377,255.86363636363635,361.0584415584415,x 
/home/ilee141/asus_video/scissors/tatami/artificial_light/angle1/video_0012_0000.npy 292.22727272727275,357.1623376623376,371.448051948052,181.83766233766227,361.0584415584416,177.94155844155836,364.9545454545455,350.66883116883116,348.07142857142856,257.1623376623376,x 
/home/ilee141/asus_video/scissors/tatami/artificial_light/angle1/video_0012_0001.npy 292.22727272727275,350.66883116883116,372.7467532467533,187.03246753246748,363.6558441558442,183.13636363636357,361.0584415584416,344.17532467532465,348.07142857142856,257.1623376623376,x 
/home/ilee141/asus_video/scissors/tatami/artificial_light/angle1/video_0012_0002.npy 293.52597402597405,351.9675324675324,377.9415584415584,183.13636363636357,361.0584415584416,176.64285714285705,371.448051948052,341.57792207792204,351.96753246753246,257.1623376623376,x 
/home/ilee141/asus_video/scissors/tatami/artificial_light/angle1/video_0012_0003.npy 294.82467532467535,354.564935064935,380.538961038961,181.83766233766227,359.7597402597403,176.64285714285705,372.7467532467533,345.47402597402595,351.96753246753246,257.1623376623376,x 
/home/ilee141/asus_video/scissors/tatami/artificial_light/angle1/video_0012_0004.npy 349.37012987012986,181.83766233766227,370.1493506493507,337.68181818181813,377.9415584415584,187.03246753246748,283.1363636363636,351.9675324675324,349.37012987012986,258.4610389610389,x 
/home/ilee141/asus_video/scissors/tatami/artificial_light/angle1/video_0012_0005.npy 345.47402597402595,185.73376623376618,400.01948051948057,363.6558441558441,376.6428571428571,185.73376623376618,275.3441558441558,364.9545454545454,348.07142857142856,257.1623376623376,x 
/home/ilee141/asus_video/scissors/tatami/artificial_light/angle1/video_0012_0006.npy 374.0454545454546,188.33116883116878,259.7597402597403,361.0584415584415,335.08441558441564,187.03246753246748,400.01948051948057,363.6558441558441,338.98051948051955,261.0584415584415,x 
/home/ilee141/asus_video/scissors/tatami/artificial_light/angle1/video_0012_0007.npy 322.0974025974026,193.52597402597394,392.22727272727275,374.0454545454545,368.8506493506494,196.12337662337654,245.47402597402598,358.4610389610389,329.8896103896104,261.0584415584415,x 
/home/ilee141/asus_video/scissors/tatami/artificial_light/angle1/video_0012_0008.npy 364.9545454545455,196.12337662337654,231.1883116883117,362.3571428571428,310.4090909090909,190.92857142857133,396.12337662337666,367.551948051948,328.5909090909091,258.4610389610389,x 
/home/ilee141/asus_video/scissors/tatami/artificial_light/angle1/video_0014_0000.npy 332.48701298701303,220.79870129870125,544.1753246753246,359.7597402597402,532.487012987013,240.27922077922074,311.7077922077922,271.4480519480519,423.3961038961039,268.8506493506493,x 
/home/ilee141/asus_video/scissors/tatami/artificial_light/angle1/video_0014_0001.npy 333.78571428571433,224.6948051948051,555.8636363636364,353.2662337662337,313.0064935064935,264.9545454545454,545.474025974026,246.7727272727272,422.0974025974026,263.6558441558441,x 
/home/ilee141/asus_video/scissors/tatami/artificial_light/angle1/video_0014_0002.npy 315.6038961038961,259.75974025974017,548.0714285714286,251.9675324675324,323.3961038961039,233.78571428571422,551.9675324675325,345.47402597402595,423.3961038961039,267.551948051948,x 
/home/ilee141/asus_video/scissors/tatami/artificial_light/angle1/video_0014_0003.npy 322.0974025974026,251.9675324675324,562.3571428571429,267.551948051948,331.1883116883117,233.78571428571422,563.6558441558442,338.98051948051943,435.08441558441564,266.2532467532467,x 
/home/ilee141/asus_video/scissors/tatami/artificial_light/angle1/video_0014_0004.npy 561.0584415584416,283.13636363636357,320.7987012987013,249.3701298701298,559.7597402597403,337.68181818181813,328.5909090909091,236.38311688311683,429.8896103896104,268.8506493506493,x 
/home/ilee141/asus_video/scissors/tatami/artificial_light/angle1/video_0014_0005.npy 322.0974025974026,240.27922077922074,562.3571428571429,284.4350649350649,561.0584415584416,337.68181818181813,329.8896103896104,237.68181818181813,428.5909090909091,266.2532467532467,x 
/home/ilee141/asus_video/scissors/tatami/artificial_light/angle1/video_0014_0006.npy 324.6948051948052,240.27922077922074,559.7597402597403,283.13636363636357,563.6558441558442,337.68181818181813,327.2922077922078,240.27922077922074,431.1883116883117,266.2532467532467,x 
/home/ilee141/asus_video/scissors/tatami/artificial_light/angle1/video_0014_0007.npy 325.9935064935065,238.98051948051943,561.0584415584416,285.7337662337662,561.0584415584416,340.27922077922074,327.2922077922078,238.98051948051943,425.9935064935065,266.2532467532467,x 
/home/ilee141/asus_video/scissors/tatami/artificial_light/angle1/video_0014_0008.npy 324.6948051948052,238.98051948051943,559.7597402597403,283.13636363636357,566.2532467532468,341.57792207792204,324.6948051948052,237.68181818181813,429.8896103896104,263.6558441558441,x 
/home/ilee141/asus_video/scissors/tatami/artificial_light/angle1/video_0016_0000.npy 287.03246753246754,194.82467532467524,458.461038961039,322.09740259740255,449.37012987012986,324.69480519480516,316.9025974025974,162.35714285714278,379.2402597402597,242.8766233766233,x 
/home/ilee141/asus_video/scissors/tatami/artificial_light/angle1/video_0016_0001.npy 449.37012987012986,320.79870129870125,293.52597402597405,198.72077922077915,327.2922077922078,163.65584415584408,436.3831168831168,329.8896103896103,376.6428571428571,245.4740259740259,x 
/home/ilee141/asus_video/scissors/tatami/artificial_light/angle1/video_0016_0002.npy 271.4480519480519,209.11038961038952,471.4480519480519,303.91558441558436,451.96753246753246,323.39610389610385,329.8896103896104,166.25324675324669,383.1363636363636,241.57792207792204,x 
/home/ilee141/asus_video/scissors/tatami/artificial_light/angle1/video_0016_0003.npy 442.87662337662334,327.2922077922077,331.1883116883117,163.65584415584408,474.0454545454545,298.72077922077915,264.9545454545455,219.49999999999994,380.538961038961,244.1753246753246,x 
/home/ilee141/asus_video/scissors/tatami/artificial_light/angle1/video_0016_0004.npy 442.87662337662334,325.9935064935064,342.87662337662334,164.95454545454538,481.8376623376623,277.94155844155836,257.1623376623377,237.68181818181813,381.8376623376623,240.27922077922074,x 
/home/ilee141/asus_video/scissors/tatami/artificial_light/angle1/video_0016_0005.npy 244.17532467532467,242.8766233766233,466.2532467532468,274.0454545454545,340.27922077922074,161.05844155844147,410.4090909090909,329.8896103896103,368.8506493506494,242.8766233766233,x 
/home/ilee141/asus_video/scissors/tatami/artificial_light/angle1/video_0016_0006.npy 224.69480519480518,244.1753246753246,458.461038961039,270.1493506493506,387.03246753246754,333.7857142857142,337.68181818181824,158.46103896103887,357.1623376623377,242.8766233766233,x 
/home/ilee141/asus_video/scissors/tatami/artificial_light/angle1/video_0016_0007.npy 346.77272727272725,163.65584415584408,364.9545454545455,335.0844155844155,449.37012987012986,267.551948051948,218.20129870129867,246.7727272727272,345.47402597402595,240.27922077922074,x 
/home/ilee141/asus_video/scissors/tatami/artificial_light/angle1/video_0016_0008.npy 342.87662337662334,162.35714285714278,364.9545454545455,336.3831168831168,445.47402597402595,266.2532467532467,216.90259740259742,249.3701298701298,341.57792207792204,242.8766233766233,x 
/home/ilee141/asus_video/scissors/tatami/artificial_light/angle1/video_0018_0000.npy 419.5,358.4610389610389,467.5519480519481,185.73376623376618,353.26623376623377,293.52597402597394,601.3181818181819,267.551948051948,464.9545454545455,270.1493506493506,x 
/home/ilee141/asus_video/scissors/tatami/artificial_light/angle1/video_0018_0001.npy 409.1103896103896,355.8636363636363,477.9415584415584,183.13636363636357,359.7597402597403,294.82467532467524,603.9155844155845,271.4480519480519,467.5519480519481,270.1493506493506,x 
/home/ilee141/asus_video/scissors/tatami/artificial_light/angle1/video_0018_0002.npy 401.31818181818187,354.564935064935,493.52597402597405,189.62987012987003,358.461038961039,296.12337662337654,594.8246753246754,266.2532467532467,464.9545454545455,272.7467532467532,x 
/home/ilee141/asus_video/scissors/tatami/artificial_light/angle1/video_0018_0003.npy 396.12337662337666,345.47402597402595,497.42207792207796,190.92857142857133,355.8636363636364,296.12337662337654,600.0194805194806,264.9545454545454,466.2532467532468,268.8506493506493,x 
/home/ilee141/asus_video/scissors/tatami/artificial_light/angle1/video_0018_0004.npy 354.56493506493507,293.52597402597394,603.9155844155845,266.2532467532467,383.1363636363636,335.0844155844155,507.8116883116883,194.82467532467524,464.9545454545455,268.8506493506493,x 
/home/ilee141/asus_video/scissors/tatami/artificial_light/angle1/video_0018_0005.npy 351.96753246753246,287.0324675324675,590.9285714285714,266.2532467532467,372.7467532467533,323.39610389610385,522.0974025974026,196.12337662337654,463.6558441558442,267.551948051948,x 
/home/ilee141/asus_video/scissors/tatami/artificial_light/angle1/video_0018_0006.npy 597.422077922078,267.551948051948,354.56493506493507,287.0324675324675,364.9545454545455,314.3051948051948,523.3961038961039,202.61688311688306,459.7597402597403,266.2532467532467,x 
/home/ilee141/asus_video/scissors/tatami/artificial_light/angle1/video_0018_0007.npy 358.461038961039,301.31818181818176,529.8896103896104,203.91558441558436,592.2272727272727,261.0584415584415,349.37012987012986,284.4350649350649,459.7597402597403,262.3571428571428,x 
/home/ilee141/asus_video/scissors/tatami/artificial_light/angle1/video_0018_0008.npy 355.8636363636364,298.72077922077915,579.2402597402597,253.2662337662337,363.6558441558442,306.51298701298697,537.6818181818182,206.51298701298697,466.2532467532468,262.3571428571428,x 
/home/ilee141/asus_video/scissors/tatami/artificial_light/angle1/video_0020_0000.npy 161.05844155844156,266.2532467532467,401.31818181818187,285.7337662337662,164.9545454545454,255.86363636363632,363.6558441558442,345.47402597402595,263.6558441558442,284.4350649350649,x 
/home/ilee141/asus_video/scissors/tatami/artificial_light/angle1/video_0020_0001.npy 185.7337662337662,238.98051948051943,384.43506493506493,287.0324675324675,190.92857142857142,233.78571428571422,359.7597402597403,331.1883116883116,275.3441558441558,271.4480519480519,x 
/home/ilee141/asus_video/scissors/tatami/artificial_light/angle1/video_0020_0002.npy 188.3311688311688,231.18831168831161,346.77272727272725,324.69480519480516,180.53896103896105,246.7727272727272,389.62987012987014,279.24025974025966,274.0454545454545,275.3441558441558,x 
/home/ilee141/asus_video/scissors/tatami/artificial_light/angle1/video_0020_0003.npy 170.14935064935062,258.4610389610389,374.0454545454546,288.3311688311688,190.92857142857142,231.18831168831161,328.5909090909091,337.68181818181813,264.9545454545455,276.6428571428571,x 
/home/ilee141/asus_video/scissors/tatami/artificial_light/angle1/video_0020_0004.npy 170.14935064935062,266.2532467532467,387.03246753246754,284.4350649350649,207.8116883116883,225.9935064935064,322.0974025974026,354.564935064935,270.1493506493506,284.4350649350649,x 
/home/ilee141/asus_video/scissors/tatami/artificial_light/angle1/video_0020_0005.npy 209.1103896103896,225.9935064935064,298.72077922077926,337.68181818181813,159.75974025974025,281.83766233766227,394.82467532467535,266.2532467532467,262.3571428571429,284.4350649350649,x 
/home/ilee141/asus_video/scissors/tatami/artificial_light/angle1/video_0020_0006.npy 220.79870129870127,228.590909090909,289.62987012987014,346.77272727272725,153.26623376623374,293.52597402597394,390.92857142857144,270.1493506493506,263.6558441558442,292.22727272727263,x 
/home/ilee141/asus_video/scissors/tatami/artificial_light/angle1/video_0020_0007.npy 228.5909090909091,224.6948051948051,292.22727272727275,362.3571428571428,157.16233766233765,292.22727272727263,400.01948051948057,271.4480519480519,267.5519480519481,292.22727272727263,x 
/home/ilee141/asus_video/scissors/tatami/artificial_light/angle1/video_0020_0008.npy 161.05844155844156,296.12337662337654,396.12337662337666,271.4480519480519,237.68181818181816,224.6948051948051,300.01948051948057,358.4610389610389,267.5519480519481,292.22727272727263,x 
/home/ilee141/asus_video/scissors/tatami/artificial_light/angle1/video_0022_0000.npy 109.11038961038957,192.22727272727263,328.5909090909091,209.11038961038952,206.512987012987,128.590909090909,294.82467532467535,254.564935064935,237.68181818181816,192.22727272727263,x 
/home/ilee141/asus_video/scissors/tatami/artificial_light/angle1/video_0022_0001.npy 113.00649350649348,189.62987012987003,331.1883116883117,209.11038961038952,203.9155844155844,127.2922077922077,297.42207792207796,250.6688311688311,235.08441558441555,193.52597402597394,x 
/home/ilee141/asus_video/scissors/tatami/artificial_light/angle1/video_0022_0002.npy 116.90259740259737,184.43506493506487,337.68181818181824,210.40909090909082,311.7077922077922,245.4740259740259,205.2142857142857,131.18831168831161,244.17532467532467,190.92857142857133,x 
/home/ilee141/asus_video/scissors/tatami/artificial_light/angle1/video_0022_0003.npy 129.88961038961037,181.83766233766227,336.38311688311694,216.90259740259734,310.4090909090909,246.7727272727272,202.6168831168831,129.8896103896103,241.57792207792207,189.62987012987003,x 
/home/ilee141/asus_video/scissors/tatami/artificial_light/angle1/video_0022_0004.npy 132.48701298701297,171.4480519480519,335.08441558441564,222.09740259740255,314.3051948051948,246.7727272727272,200.01948051948048,129.8896103896103,241.57792207792207,192.22727272727263,x 
/home/ilee141/asus_video/scissors/tatami/artificial_light/angle1/video_0022_0005.npy 201.31818181818178,132.48701298701292,316.9025974025974,246.7727272727272,328.5909090909091,225.9935064935064,135.08441558441555,167.551948051948,241.57792207792207,190.92857142857133,x 
/home/ilee141/asus_video/scissors/tatami/artificial_light/angle1/video_0022_0006.npy 307.8116883116883,249.3701298701298,200.01948051948048,128.590909090909,316.9025974025974,236.38311688311683,150.66883116883113,167.551948051948,236.38311688311686,192.22727272727263,x 
/home/ilee141/asus_video/scissors/tatami/artificial_light/angle1/video_0022_0007.npy 305.21428571428567,254.564935064935,153.26623376623374,162.35714285714278,293.52597402597405,258.4610389610389,197.42207792207793,129.8896103896103,232.487012987013,197.42207792207785,x 
/home/ilee141/asus_video/scissors/tatami/artificial_light/angle1/video_0022_0008.npy 313.0064935064935,240.27922077922074,151.96753246753244,153.2662337662337,305.21428571428567,244.1753246753246,192.22727272727272,128.590909090909,237.68181818181816,194.82467532467524,x 
/home/ilee141/asus_video/scissors/tatami/artificial_light/angle1/video_0024_0000.npy 192.22727272727272,368.8506493506493,329.8896103896104,194.82467532467524,332.48701298701303,201.31818181818176,145.47402597402595,329.8896103896103,271.4480519480519,257.1623376623376,x 
/home/ilee141/asus_video/scissors/tatami/artificial_light/angle1/video_0024_0001.npy 325.9935064935065,194.82467532467524,192.22727272727272,371.4480519480519,338.98051948051955,202.61688311688306,157.16233766233765,316.90259740259734,268.8506493506494,258.4610389610389,x 
/home/ilee141/asus_video/scissors/tatami/artificial_light/angle1/video_0024_0002.npy 192.22727272727272,379.2402597402597,319.5,193.52597402597394,340.27922077922074,207.81168831168821,168.85064935064932,316.90259740259734,268.8506493506494,258.4610389610389,x 
/home/ilee141/asus_video/scissors/tatami/artificial_light/angle1/video_0024_0003.npy 205.2142857142857,387.0324675324675,300.01948051948057,194.82467532467524,338.98051948051955,210.40909090909082,166.2532467532467,318.20129870129864,259.7597402597403,255.86363636363632,x 
/home/ilee141/asus_video/scissors/tatami/artificial_light/angle1/video_0024_0004.npy 216.90259740259742,388.3311688311688,292.22727272727275,193.52597402597394,349.37012987012986,218.20129870129864,166.2532467532467,302.61688311688306,258.461038961039,255.86363636363632,x 
/home/ilee141/asus_video/scissors/tatami/artificial_light/angle1/video_0024_0005.npy 216.90259740259742,389.6298701298701,280.538961038961,189.62987012987003,349.37012987012986,225.9935064935064,150.66883116883113,296.12337662337654,254.56493506493504,253.2662337662337,x 
/home/ilee141/asus_video/scissors/tatami/artificial_light/angle1/video_0024_0006.npy 348.07142857142856,233.78571428571422,149.37012987012986,283.13636363636357,274.0454545454545,190.92857142857133,215.60389610389612,389.6298701298701,248.07142857142858,254.564935064935,x 
/home/ilee141/asus_video/scissors/tatami/artificial_light/angle1/video_0024_0007.npy 341.57792207792204,241.57792207792204,150.66883116883113,281.83766233766227,215.60389610389612,385.73376623376623,261.0584415584416,190.92857142857133,238.98051948051946,254.564935064935,x 
/home/ilee141/asus_video/scissors/tatami/artificial_light/angle1/video_0024_0008.npy 258.461038961039,192.22727272727263,235.08441558441555,390.9285714285714,344.17532467532465,235.08441558441552,140.27922077922076,275.3441558441558,244.17532467532467,254.564935064935,x 
/home/ilee141/asus_video/wrench/tatami/artificial_light/angle1/image_0000.npy 266.2532467532468,302.61688311688306,433.78571428571433,215.60389610389603,279.2402597402597,310.4090909090909,411.7077922077922,193.52597402597394,311.7077922077922,272.7467532467532,x 
/home/ilee141/asus_video/wrench/tatami/artificial_light/angle1/image_0001.npy 371.448051948052,306.51298701298697,271.4480519480519,179.24025974025966,250.6688311688312,197.42207792207785,387.03246753246754,301.31818181818176,341.57792207792204,268.8506493506493,x 
/home/ilee141/asus_video/wrench/tatami/artificial_light/angle1/image_0002.npy 259.7597402597403,363.6558441558441,383.1363636363636,216.90259740259734,392.22727272727275,227.2922077922077,235.08441558441555,340.27922077922074,359.7597402597403,251.9675324675324,x 
/home/ilee141/asus_video/wrench/tatami/artificial_light/angle1/image_0003.npy 144.17532467532465,219.49999999999994,228.5909090909091,109.11038961038952,240.27922077922076,115.60389610389603,120.79870129870127,209.11038961038952,211.7077922077922,137.68181818181807,x 
/home/ilee141/asus_video/wrench/tatami/artificial_light/angle1/image_0004.npy 415.6038961038961,136.38311688311683,585.7337662337662,207.81168831168821,419.5,131.18831168831161,564.9545454545455,220.79870129870125,454.56493506493507,145.4740259740259,x 
/home/ilee141/asus_video/wrench/tatami/artificial_light/angle1/image_0005.npy 331.1883116883117,303.91558441558436,549.3701298701299,405.21428571428567,336.38311688311694,290.9285714285714,531.1883116883117,437.68181818181813,379.2402597402597,319.49999999999994,x 
/home/ilee141/asus_video/wrench/tatami/artificial_light/angle1/image_0006.npy 310.4090909090909,248.0714285714285,211.7077922077922,431.18831168831167,175.34415584415584,411.7077922077922,320.7987012987013,254.564935064935,293.52597402597405,285.7337662337662,x 
/home/ilee141/asus_video/wrench/tatami/artificial_light/angle1/image_0007.npy 277.9415584415584,248.0714285714285,323.3961038961039,445.47402597402595,332.48701298701303,262.3571428571428,135.08441558441555,364.9545454545454,290.92857142857144,287.0324675324675,x 
/home/ilee141/asus_video/wrench/tatami/artificial_light/angle1/image_0008.npy 344.17532467532465,164.95454545454538,192.22727272727272,255.86363636363632,202.6168831168831,145.4740259740259,355.8636363636364,206.51298701298697,307.1463386892923,187.1086396342228,x 
/home/ilee141/asus_video/wrench/tatami/artificial_light/angle1/image_0009.npy 337.68181818181824,190.92857142857133,516.9025974025974,168.8506493506493,338.98051948051955,171.4480519480519,518.2012987012987,227.2922077922077,385.73376623376623,181.83766233766227,x 
/home/ilee141/asus_video/wrench/tatami/artificial_light/angle1/image_0010.npy 331.1883116883117,250.6688311688311,496.12337662337666,189.62987012987003,470.1493506493507,167.551948051948,414.3051948051948,311.7077922077922,461.0584415584416,200.01948051948045,x 
/home/ilee141/asus_video/wrench/tatami/artificial_light/angle1/image_0011.npy 390.92857142857144,355.8636363636363,623.3961038961039,335.0844155844155,600.0194805194806,310.4090909090909,438.98051948051943,451.96753246753246,566.2532467532468,344.17532467532465,x 
/home/ilee141/asus_video/wrench/tatami/artificial_light/angle1/image_0012.npy 498.72077922077926,414.3051948051948,368.8506493506494,240.27922077922074,348.07142857142856,255.86363636363632,561.0584415584416,346.77272727272725,401.31818181818187,274.0454545454545,x 
/home/ilee141/asus_video/wrench/tatami/artificial_light/angle1/image_0013.npy 370.1493506493507,271.4480519480519,162.35714285714286,300.01948051948045,164.9545454545454,268.8506493506493,370.1493506493507,284.4350649350649,325.9935064935065,281.83766233766227,x 
/home/ilee141/asus_video/wrench/tatami/artificial_light/angle1/image_0015.npy 346.77272727272725,316.90259740259734,335.08441558441564,168.8506493506493,190.92857142857142,262.3571428571428,397.42207792207796,274.0454545454545,338.98051948051955,270.1493506493506,x 
/home/ilee141/asus_video/wrench/tatami/artificial_light/angle1/image_0017.npy 344.17532467532465,245.4740259740259,533.7857142857143,350.66883116883116,351.96753246753246,237.68181818181813,514.3051948051948,377.9415584415584,392.22727272727275,266.2532467532467,x 
/home/ilee141/asus_video/wrench/tatami/artificial_light/angle1/image_0019.npy 345.47402597402595,285.7337662337662,474.0454545454545,174.04545454545445,328.5909090909091,248.0714285714285,542.8766233766233,268.8506493506493,384.43506493506493,248.0714285714285,x 
/home/ilee141/asus_video/wrench/tatami/artificial_light/angle1/image_0021.npy 398.72077922077926,305.21428571428567,418.2012987012987,162.35714285714278,383.1363636363636,157.16233766233756,413.0064935064935,306.51298701298697,401.31818181818187,250.6688311688311,x 
/home/ilee141/asus_video/wrench/tatami/artificial_light/angle1/image_0023.npy 384.43506493506493,311.7077922077922,349.37012987012986,159.75974025974017,420.7987012987013,276.6428571428571,224.69480519480518,235.08441558441552,366.2532467532468,263.6558441558441,x 
/home/ilee141/asus_video/wrench/tatami/artificial_light/angle1/video_0014_0000.npy 370.1493506493507,275.3441558441558,158.46103896103895,300.01948051948045,164.9545454545454,263.6558441558441,370.1493506493507,289.6298701298701,325.9935064935065,283.13636363636357,x 
/home/ilee141/asus_video/wrench/tatami/artificial_light/angle1/video_0014_0001.npy 372.7467532467533,276.6428571428571,157.16233766233765,305.21428571428567,168.85064935064932,258.4610389610389,371.448051948052,292.22727272727263,324.6948051948052,283.13636363636357,x 
/home/ilee141/asus_video/wrench/tatami/artificial_light/angle1/video_0014_0002.npy 374.0454545454546,293.52597402597394,179.24025974025975,248.0714285714285,374.0454545454546,272.7467532467532,159.75974025974025,306.51298701298697,324.6948051948052,283.13636363636357,x 
/home/ilee141/asus_video/wrench/tatami/artificial_light/angle1/video_0014_0003.npy 370.1493506493507,272.7467532467532,158.46103896103895,319.49999999999994,368.8506493506494,298.72077922077915,181.83766233766235,233.78571428571422,315.6038961038961,281.83766233766227,x 
/home/ilee141/asus_video/wrench/tatami/artificial_light/angle1/video_0014_0004.npy 367.5519480519481,307.8116883116883,196.12337662337663,220.79870129870125,366.2532467532468,266.2532467532467,166.2532467532467,333.7857142857142,315.6038961038961,280.53896103896096,x 
/home/ilee141/asus_video/wrench/tatami/artificial_light/angle1/video_0014_0005.npy 364.9545454545455,310.4090909090909,201.31818181818178,215.60389610389603,368.8506493506494,268.8506493506493,162.35714285714286,342.87662337662334,319.5,283.13636363636357,x 
/home/ilee141/asus_video/wrench/tatami/artificial_light/angle1/video_0014_0006.npy 359.7597402597403,264.9545454545454,164.9545454545454,359.7597402597402,209.1103896103896,211.70779220779212,362.3571428571429,316.90259740259734,316.99716667458904,285.7656645993188,x 
/home/ilee141/asus_video/wrench/tatami/artificial_light/angle1/video_0014_0007.npy 357.1623376623377,315.6038961038961,209.1103896103896,210.40909090909082,358.461038961039,262.3571428571428,162.35714285714286,367.551948051948,309.1103896103896,281.83766233766227,x 
/home/ilee141/asus_video/wrench/tatami/artificial_light/angle1/video_0014_0008.npy 353.26623376623377,322.09740259740255,215.60389610389612,211.70779220779212,353.26623376623377,262.3571428571428,166.2532467532467,374.0454545454545,305.21428571428567,284.4350649350649,x 
/home/ilee141/asus_video/wrench/tatami/artificial_light/angle1/video_0016_0000.npy 348.07142857142856,316.90259740259734,332.48701298701303,168.8506493506493,397.42207792207796,276.6428571428571,194.82467532467533,259.75974025974017,343.3593265141938,272.1376278588667,x 
/home/ilee141/asus_video/wrench/tatami/artificial_light/angle1/video_0016_0001.npy 403.9155844155845,275.3441558441558,200.01948051948048,262.3571428571428,362.3571428571429,322.09740259740255,338.98051948051955,177.94155844155836,348.07142857142856,268.8506493506493,x 
/home/ilee141/asus_video/wrench/tatami/artificial_light/angle1/video_0016_0002.npy 211.7077922077922,264.9545454545454,410.4090909090909,276.6428571428571,335.08441558441564,176.64285714285705,372.7467532467533,319.49999999999994,354.56493506493507,272.7467532467532,x 
/home/ilee141/asus_video/wrench/tatami/artificial_light/angle1/video_0016_0003.npy 420.7987012987013,277.94155844155836,215.60389610389612,258.4610389610389,392.22727272727275,318.20129870129864,324.6948051948052,179.24025974025966,363.6558441558442,271.4480519480519,x 
/home/ilee141/asus_video/wrench/tatami/artificial_light/angle1/video_0016_0004.npy 402.6168831168832,313.0064935064935,323.3961038961039,184.43506493506487,229.8896103896104,257.1623376623376,436.3831168831168,277.94155844155836,377.3510077798938,272.0012204185926,x 
/home/ilee141/asus_video/wrench/tatami/artificial_light/angle1/video_0016_0005.npy 233.7857142857143,258.4610389610389,433.78571428571433,280.53896103896096,418.2012987012987,309.1103896103896,311.7077922077922,185.73376623376618,380.538961038961,270.1493506493506,x 
/home/ilee141/asus_video/wrench/tatami/artificial_light/angle1/video_0016_0006.npy 427.2922077922078,303.91558441558436,298.72077922077926,187.03246753246748,440.27922077922074,275.3441558441558,241.57792207792207,253.2662337662337,389.67918790070684,269.7219299687654,x 
/home/ilee141/asus_video/wrench/tatami/artificial_light/angle1/video_0016_0007.npy 449.37012987012986,280.53896103896096,246.77272727272728,246.7727272727272,288.33116883116884,198.72077922077915,435.08441558441564,298.72077922077915,389.62987012987014,270.1493506493506,x 
/home/ilee141/asus_video/wrench/tatami/artificial_light/angle1/video_0016_0008.npy 259.7597402597403,242.8766233766233,450.66883116883116,277.94155844155836,280.538961038961,201.31818181818176,445.47402597402595,293.52597402597394,400.01948051948057,268.8506493506493,x 
/home/ilee141/asus_video/wrench/tatami/artificial_light/angle1/video_0018_0000.npy 349.37012987012986,240.27922077922074,515.6038961038961,327.2922077922077,361.0584415584416,232.48701298701292,503.9155844155845,376.6428571428571,400.01948051948057,263.6558441558441,x 
/home/ilee141/asus_video/wrench/tatami/artificial_light/angle1/video_0018_0001.npy 501.31818181818187,384.43506493506493,363.6558441558442,229.8896103896103,355.8636363636364,240.27922077922074,518.2012987012987,328.590909090909,401.31818181818187,267.551948051948,x 
/home/ilee141/asus_video/wrench/tatami/artificial_light/angle1/video_0018_0002.npy 353.26623376623377,241.57792207792204,520.7987012987013,322.09740259740255,366.2532467532468,229.8896103896103,490.92857142857144,383.1363636363636,402.6168831168832,263.6558441558441,x 
/home/ilee141/asus_video/wrench/tatami/artificial_light/angle1/video_0018_0003.npy 368.8506493506494,231.18831168831161,485.73376623376623,388.3311688311688,353.26623376623377,245.4740259740259,524.6948051948052,315.6038961038961,400.01948051948057,262.3571428571428,x 
/home/ilee141/asus_video/wrench/tatami/artificial_light/angle1/video_0018_0004.npy 351.96753246753246,246.7727272727272,524.6948051948052,311.7077922077922,372.7467532467533,232.48701298701292,479.2402597402597,385.73376623376623,403.9155844155845,264.9545454545454,x 
/home/ilee141/asus_video/wrench/tatami/artificial_light/angle1/video_0018_0005.npy 374.0454545454546,229.8896103896103,475.3441558441558,394.8246753246753,351.96753246753246,249.3701298701298,528.5909090909091,309.1103896103896,400.01948051948057,262.3571428571428,x 
/home/ilee141/asus_video/wrench/tatami/artificial_light/angle1/video_0018_0006.npy 348.07142857142856,249.3701298701298,536.3831168831169,309.1103896103896,376.6428571428571,232.48701298701292,472.7467532467532,394.8246753246753,396.12337662337666,261.0584415584415,x 
/home/ilee141/asus_video/wrench/tatami/artificial_light/angle1/video_0018_0007.npy 461.0584415584416,413.0064935064935,383.1363636363636,231.18831168831161,344.17532467532465,254.564935064935,544.1753246753246,302.61688311688306,403.9155844155845,267.551948051948,x 
/home/ilee141/asus_video/wrench/tatami/artificial_light/angle1/video_0018_0008.npy 345.47402597402595,254.564935064935,542.8766233766233,297.42207792207785,383.1363636363636,228.590909090909,451.96753246753246,405.21428571428567,401.31818181818187,264.9545454545454,x 
/home/ilee141/asus_video/wrench/tatami/artificial_light/angle1/video_0020_0000.npy 349.37012987012986,280.53896103896096,476.6428571428571,171.4480519480519,331.1883116883117,246.7727272727272,528.5909090909091,266.2532467532467,387.03246753246754,248.0714285714285,x 
/home/ilee141/asus_video/wrench/tatami/artificial_light/angle1/video_0020_0001.npy 349.37012987012986,285.7337662337662,466.2532467532468,176.64285714285705,332.48701298701303,248.0714285714285,527.2922077922078,270.1493506493506,384.43506493506493,250.6688311688311,x 
/home/ilee141/asus_video/wrench/tatami/artificial_light/angle1/video_0020_0002.npy 325.9935064935065,253.2662337662337,524.6948051948052,268.8506493506493,348.07142857142856,285.7337662337662,464.9545454545455,181.83766233766227,385.73376623376623,250.6688311688311,x 
/home/ilee141/asus_video/wrench/tatami/artificial_light/angle1/video_0020_0003.npy 333.78571428571433,255.86363636363632,524.6948051948052,264.9545454545454,342.87662337662334,288.3311688311688,474.0454545454545,185.73376623376618,383.1363636363636,254.564935064935,x 
/home/ilee141/asus_video/wrench/tatami/artificial_light/angle1/video_0020_0004.npy 485.73376623376623,193.52597402597394,340.27922077922074,288.3311688311688,520.7987012987013,262.3571428571428,325.9935064935065,263.6558441558441,383.1363636363636,255.86363636363632,x 
/home/ilee141/asus_video/wrench/tatami/artificial_light/angle1/video_0020_0005.npy 519.5,253.2662337662337,324.6948051948052,268.8506493506493,333.78571428571433,287.0324675324675,483.1363636363636,198.72077922077915,377.9415584415584,253.2662337662337,x 
/home/ilee141/asus_video/wrench/tatami/artificial_light/angle1/video_0020_0006.npy 329.8896103896104,280.53896103896096,494.82467532467535,206.51298701298697,323.3961038961039,266.2532467532467,511.7077922077922,249.3701298701298,380.538961038961,258.4610389610389,x 
/home/ilee141/asus_video/wrench/tatami/artificial_light/angle1/video_0020_0007.npy 333.78571428571433,284.4350649350649,498.72077922077926,214.30519480519473,328.5909090909091,272.7467532467532,509.1103896103896,249.3701298701298,376.6428571428571,263.6558441558441,x 
/home/ilee141/asus_video/wrench/tatami/artificial_light/angle1/video_0020_0008.npy 331.1883116883117,287.0324675324675,496.12337662337666,214.30519480519473,325.9935064935065,274.0454545454545,516.9025974025974,246.7727272727272,380.538961038961,261.0584415584415,x 
/home/ilee141/asus_video/wrench/tatami/artificial_light/angle1/video_0022_0000.npy 397.42207792207796,311.7077922077922,416.9025974025974,158.46103896103887,375.3441558441558,162.35714285714278,415.6038961038961,305.21428571428567,398.72077922077926,259.75974025974017,x 
/home/ilee141/asus_video/wrench/tatami/artificial_light/angle1/video_0022_0001.npy 397.42207792207796,306.51298701298697,419.5,162.35714285714278,366.2532467532468,162.35714285714278,419.5,302.61688311688306,397.42207792207796,257.1623376623376,x 
/home/ilee141/asus_video/wrench/tatami/artificial_light/angle1/video_0022_0002.npy 418.2012987012987,161.05844155844147,394.82467532467535,303.91558441558436,427.2922077922078,303.91558441558436,341.57792207792204,164.95454545454538,398.72077922077926,257.1623376623376,x 
/home/ilee141/asus_video/wrench/tatami/artificial_light/angle1/video_0022_0003.npy 431.1883116883117,297.42207792207785,332.48701298701303,174.04545454545445,392.22727272727275,298.72077922077915,422.0974025974026,162.35714285714278,x 
/home/ilee141/asus_video/wrench/tatami/artificial_light/angle1/video_0022_0004.npy 392.22727272727275,302.61688311688306,422.0974025974026,164.95454545454538,433.78571428571433,297.42207792207785,322.0974025974026,176.64285714285705,x 
/home/ilee141/asus_video/wrench/tatami/artificial_light/angle1/video_0022_0005.npy 390.92857142857144,303.91558441558436,423.3961038961039,161.05844155844147,436.3831168831168,292.22727272727263,314.3051948051948,180.53896103896096,x 
/home/ilee141/asus_video/wrench/tatami/artificial_light/angle1/video_0022_0006.npy 383.1363636363636,301.31818181818176,425.9935064935065,163.65584415584408,435.08441558441564,285.7337662337662,296.12337662337666,185.73376623376618,x 
/home/ilee141/asus_video/wrench/tatami/artificial_light/angle1/video_0022_0007.npy 431.1883116883117,284.4350649350649,289.62987012987014,190.92857142857133,425.9935064935065,161.05844155844147,379.2402597402597,300.01948051948045,x 
/home/ilee141/asus_video/wrench/tatami/artificial_light/angle1/video_0022_0008.npy 374.0454545454546,300.01948051948045,428.5909090909091,162.35714285714278,432.48701298701303,284.4350649350649,285.73376623376623,188.33116883116878,x 
/home/ilee141/asus_video/wrench/tatami/artificial_light/angle1/video_0024_0000.npy 387.03246753246754,307.8116883116883,361.0584415584416,177.94155844155836,423.3961038961039,276.6428571428571,232.487012987013,238.98051948051943,x 
/home/ilee141/asus_video/wrench/tatami/artificial_light/angle1/video_0024_0001.npy 392.22727272727275,310.4090909090909,341.57792207792204,164.95454545454538,423.3961038961039,279.24025974025966,233.7857142857143,237.68181818181813,x 
/home/ilee141/asus_video/wrench/tatami/artificial_light/angle1/video_0024_0002.npy 423.3961038961039,277.94155844155836,240.27922077922076,241.57792207792204,396.12337662337666,306.51298701298697,341.57792207792204,176.64285714285705,x 
/home/ilee141/asus_video/wrench/tatami/artificial_light/angle1/video_0024_0003.npy 405.2142857142858,305.21428571428567,331.1883116883117,175.34415584415575,248.07142857142858,242.8766233766233,429.8896103896104,276.6428571428571,x 
/home/ilee141/asus_video/wrench/tatami/artificial_light/angle1/video_0024_0004.npy 423.3961038961039,301.31818181818176,319.5,180.53896103896096,262.3571428571429,242.8766233766233,440.27922077922074,277.94155844155836,x 
/home/ilee141/asus_video/wrench/tatami/artificial_light/angle1/video_0024_0005.npy 425.9935064935065,300.01948051948045,318.2012987012987,184.43506493506487,438.98051948051943,274.0454545454545,254.56493506493504,235.08441558441552,x 
/home/ilee141/asus_video/wrench/tatami/artificial_light/angle1/video_0024_0006.npy 425.9935064935065,293.52597402597394,305.21428571428567,185.73376623376618,435.08441558441564,267.551948051948,255.86363636363635,229.8896103896103,x 
/home/ilee141/asus_video/wrench/tatami/artificial_light/angle1/video_0024_0007.npy 440.27922077922074,275.3441558441558,266.2532467532468,229.8896103896103,296.12337662337666,190.92857142857133,428.5909090909091,289.6298701298701,x 
/home/ilee141/asus_video/wrench/tatami/artificial_light/angle1/video_0024_0008.npy 429.8896103896104,288.3311688311688,296.12337662337666,194.82467532467524,436.3831168831168,274.0454545454545,270.1493506493506,225.9935064935064,x 
